6518.41
[46, 48, 12, 29, 32, 33, 23, 34, 43, 44, 50, 14, 19, 24, 25, 37, 20, 49, 15, 39, 30, 1, 38, 28, 40, 22, 6, 47, 10, 17, 42, 9, 31, 11, 21, 36, 41, 45, 26, 3, 18, 4, 7, 2, 27, 13, 5, 16, 35, 8]

5850.2417
[3, 47, 5, 41, 1, 36, 11, 44, 20, 42, 43, 49, 16, 4, 39, 38, 27, 15, 18, 24, 25, 26, 19, 31, 46, 9, 32, 23, 33, 17, 12, 45, 37, 6, 29, 40, 22, 10, 48, 30, 7, 21, 35, 8, 13, 28, 34, 2, 50, 14]

9582.085
[25, 29, 32, 8, 33, 31, 17, 4, 34, 16, 24, 27, 14, 30, 10, 19, 37, 12, 5, 9, 1, 39, 47, 3, 28, 11, 35, 49, 22, 46, 48, 21, 20, 23, 43, 18, 26, 40, 7, 41, 13, 15, 44, 38, 6, 2, 45, 36, 42, 50]

5393.8735
[33, 6, 5, 32, 18, 45, 10, 22, 43, 20, 17, 50, 38, 27, 2, 30, 14, 15, 41, 23, 40, 8, 34, 29, 49, 13, 42, 37, 28, 1, 21, 3, 4, 35, 44, 48, 47, 11, 16, 36, 31, 19, 46, 7, 12, 9, 26, 24, 39, 25]

3762.149
[39, 25, 43, 28, 45, 6, 12, 17, 42, 16, 1, 14, 23, 9, 5, 15, 47, 10, 46, 20, 8, 41, 4, 50, 2, 19, 35, 32, 48, 49, 21, 29, 34, 26, 44, 24, 36, 7, 27, 31, 37, 11, 18, 40, 33, 3, 38, 30, 13, 22]

11272.999
[14, 25, 19, 24, 3, 48, 2, 36, 12, 17, 26, 31, 27, 35, 38, 33, 40, 6, 22, 28, 21, 7, 39, 9, 13, 4, 23, 50, 41, 43, 49, 8, 5, 34, 47, 32, 45, 16, 15, 46, 20, 30, 18, 29, 1, 11, 42, 44, 10, 37]

5983.6514
[14, 2, 22, 50, 32, 34, 17, 43, 15, 31, 1, 41, 24, 44, 3, 49, 19, 27, 42, 13, 23, 48, 7, 25, 29, 28, 5, 4, 9, 11, 16, 37, 36, 26, 38, 10, 46, 45, 6, 39, 47, 12, 21, 20, 30, 18, 35, 8, 33, 40]

2659.5554
[47, 25, 9, 35, 13, 30, 37, 41, 21, 33, 36, 20, 15, 8, 34, 2, 19, 43, 39, 6, 22, 48, 45, 7, 29, 32, 49, 28, 3, 1, 27, 12, 44, 4, 17, 23, 50, 5, 31, 40, 38, 11, 46, 10, 42, 16, 26, 14, 18, 24]

2672.4705
[32, 47, 22, 46, 39, 1, 24, 43, 15, 8, 6, 4, 25, 5, 40, 36, 37, 27, 10, 3, 7, 12, 16, 42, 14, 31, 28, 9, 21, 26, 19, 17, 13, 41, 44, 49, 23, 50, 35, 18, 20, 11, 2, 45, 38, 29, 33, 34, 48, 30]

3560.6577
[6, 19, 49, 7, 29, 50, 31, 25, 28, 32, 20, 15, 24, 9, 36, 10, 1, 46, 18, 38, 37, 26, 43, 33, 16, 2, 14, 22, 35, 23, 48, 27, 12, 13, 5, 21, 45, 39, 17, 4, 41, 47, 34, 42, 8, 11, 3, 30, 44, 40]

5864.3247
[21, 40, 6, 48, 25, 4, 27, 11, 10, 3, 42, 22, 2, 31, 7, 46, 17, 39, 44, 5, 23, 41, 28, 13, 9, 38, 15, 18, 29, 37, 36, 45, 49, 1, 47, 14, 35, 43, 26, 34, 19, 12, 30, 32, 16, 33, 8, 24, 20, 50]

4166.0513
[25, 6, 36, 39, 16, 24, 47, 32, 41, 34, 50, 42, 11, 14, 31, 8, 27, 13, 23, 33, 43, 15, 12, 45, 26, 10, 48, 3, 5, 49, 1, 40, 2, 17, 19, 21, 22, 18, 37, 28, 4, 20, 9, 7, 44, 29, 30, 38, 35, 46]

11376.286
[34, 1, 12, 39, 45, 4, 9, 6, 28, 3, 35, 41, 36, 50, 42, 2, 17, 23, 40, 14, 47, 5, 8, 32, 44, 13, 33, 31, 7, 19, 37, 20, 49, 48, 15, 26, 22, 18, 46, 43, 25, 27, 11, 24, 30, 29, 10, 38, 16, 21]

8440.931
[44, 50, 31, 5, 16, 42, 37, 15, 43, 14, 3, 46, 25, 39, 29, 8, 33, 28, 19, 49, 21, 36, 1, 35, 32, 24, 30, 48, 9, 40, 38, 45, 4, 10, 12, 27, 47, 2, 41, 34, 26, 17, 18, 7, 23, 6, 11, 20, 22, 13]

2790.6672
[26, 6, 14, 13, 42, 25, 23, 3, 37, 19, 44, 35, 1, 22, 31, 43, 18, 32, 12, 17, 20, 8, 41, 49, 16, 4, 30, 33, 10, 2, 15, 5, 27, 47, 36, 7, 21, 28, 48, 38, 40, 39, 50, 24, 34, 46, 45, 29, 9, 11]

13293.622
[25, 6, 12, 44, 5, 36, 2, 30, 41, 24, 20, 37, 14, 13, 18, 17, 48, 4, 26, 9, 15, 38, 10, 32, 50, 31, 43, 40, 23, 22, 3, 21, 45, 27, 8, 39, 47, 16, 35, 34, 46, 19, 29, 49, 28, 42, 1, 11, 7, 33]

3857.8784
[7, 24, 22, 2, 12, 18, 23, 28, 11, 37, 4, 40, 38, 34, 46, 41, 30, 48, 20, 19, 32, 29, 47, 21, 16, 25, 26, 49, 14, 27, 10, 43, 8, 33, 5, 35, 6, 9, 3, 42, 50, 45, 13, 17, 39, 36, 15, 44, 1, 31]

3088.0908
[50, 33, 18, 46, 19, 3, 14, 45, 21, 13, 32, 15, 28, 40, 38, 47, 20, 36, 10, 9, 11, 8, 6, 5, 30, 22, 7, 16, 43, 25, 29, 1, 44, 31, 23, 24, 35, 49, 37, 39, 27, 34, 17, 2, 4, 48, 12, 42, 41, 26]

6195.8667
[24, 4, 49, 35, 36, 18, 6, 46, 27, 50, 9, 43, 5, 15, 20, 12, 34, 40, 45, 44, 30, 29, 13, 10, 38, 16, 25, 47, 31, 42, 39, 17, 1, 3, 26, 37, 48, 11, 22, 2, 33, 7, 41, 14, 21, 23, 32, 28, 8, 19]

2763.308
[15, 2, 44, 31, 47, 33, 5, 42, 30, 35, 22, 20, 6, 14, 24, 3, 46, 13, 16, 7, 48, 1, 50, 23, 8, 39, 49, 40, 29, 9, 28, 41, 17, 10, 38, 45, 21, 36, 4, 34, 11, 25, 18, 43, 19, 32, 12, 27, 26, 37]

8258.038
[24, 5, 50, 48, 39, 35, 6, 19, 38, 18, 3, 1, 29, 21, 45, 7, 10, 13, 8, 37, 23, 15, 46, 30, 14, 47, 40, 16, 12, 36, 20, 34, 26, 43, 27, 44, 28, 25, 2, 33, 4, 17, 22, 11, 41, 31, 49, 9, 42, 32]

3937.7424
[32, 27, 29, 23, 4, 45, 30, 39, 12, 49, 15, 17, 26, 11, 5, 25, 36, 19, 38, 7, 31, 16, 42, 10, 1, 35, 43, 47, 44, 22, 21, 40, 3, 34, 24, 33, 20, 28, 6, 18, 46, 13, 9, 14, 37, 2, 41, 50, 48, 8]

3694.8623
[9, 31, 12, 29, 48, 2, 34, 4, 25, 33, 37, 23, 20, 26, 38, 35, 18, 17, 11, 27, 39, 32, 16, 45, 15, 41, 14, 46, 5, 50, 6, 10, 49, 47, 13, 22, 3, 8, 21, 36, 24, 28, 1, 42, 43, 7, 44, 19, 40, 30]

5036.7593
[10, 27, 24, 2, 47, 32, 39, 34, 14, 21, 30, 23, 44, 1, 19, 33, 28, 6, 18, 50, 8, 13, 38, 9, 43, 37, 25, 31, 5, 26, 17, 49, 7, 42, 36, 3, 20, 15, 22, 40, 4, 35, 45, 46, 41, 12, 29, 48, 16, 11]

2188.188
[25, 17, 10, 39, 31, 12, 38, 44, 16, 19, 14, 37, 23, 15, 30, 2, 43, 36, 48, 6, 29, 49, 21, 8, 13, 24, 47, 1, 45, 4, 27, 33, 32, 50, 9, 34, 41, 7, 18, 40, 46, 42, 5, 3, 22, 26, 28, 11, 20, 35]

6075.019
[35, 3, 31, 32, 38, 22, 30, 17, 7, 46, 13, 43, 40, 33, 23, 27, 50, 16, 6, 10, 28, 1, 12, 47, 42, 24, 34, 49, 21, 48, 44, 15, 19, 20, 5, 39, 26, 14, 8, 41, 29, 2, 45, 11, 36, 25, 4, 37, 18, 9]

2830.7144
[40, 3, 4, 42, 29, 7, 50, 43, 24, 20, 25, 26, 2, 12, 47, 6, 19, 10, 39, 34, 30, 32, 17, 8, 14, 35, 49, 1, 44, 5, 38, 18, 45, 27, 37, 16, 23, 28, 22, 15, 21, 13, 9, 31, 33, 11, 41, 46, 48, 36]

7178.1553
[45, 6, 38, 36, 18, 20, 11, 13, 46, 35, 25, 2, 24, 42, 43, 10, 19, 41, 48, 22, 8, 21, 14, 15, 26, 29, 17, 30, 1, 5, 44, 37, 3, 4, 31, 49, 16, 47, 40, 9, 27, 28, 32, 39, 7, 12, 33, 23, 34, 50]

5454.544
[19, 41, 12, 28, 43, 5, 35, 30, 4, 47, 2, 31, 34, 23, 17, 45, 46, 3, 40, 38, 42, 10, 7, 22, 49, 24, 37, 39, 25, 18, 15, 36, 8, 27, 9, 13, 29, 33, 20, 21, 1, 32, 44, 48, 6, 14, 16, 11, 26, 50]

6642.398
[13, 23, 48, 38, 9, 3, 10, 15, 22, 20, 7, 43, 31, 47, 25, 45, 16, 24, 8, 35, 39, 18, 1, 37, 50, 12, 27, 21, 11, 4, 33, 26, 30, 42, 40, 6, 32, 46, 36, 28, 44, 29, 2, 49, 34, 14, 19, 17, 5, 41]