6517.7617
[46, 48, 12, 29, 33, 34, 43, 23, 32, 50, 14, 44, 6, 19, 24, 25, 37, 20, 49, 15, 38, 39, 1, 30, 28, 40, 22, 17, 10, 31, 42, 9, 47, 21, 11, 36, 41, 45, 26, 18, 3, 4, 2, 7, 13, 5, 27, 16, 35, 8]

5853.119
[47, 3, 11, 32, 42, 20, 41, 5, 4, 36, 49, 44, 16, 38, 39, 27, 19, 31, 15, 18, 25, 43, 33, 23, 17, 9, 45, 1, 46, 6, 37, 12, 26, 30, 48, 40, 29, 21, 22, 7, 10, 35, 8, 28, 34, 13, 24, 50, 2, 14]

9579.604
[32, 29, 33, 25, 5, 34, 27, 17, 4, 8, 16, 24, 31, 40, 10, 19, 14, 30, 37, 9, 12, 47, 39, 28, 1, 3, 49, 11, 7, 35, 46, 21, 48, 20, 18, 23, 43, 26, 22, 41, 44, 13, 15, 38, 45, 6, 2, 50, 42, 36]

5393.988
[32, 18, 5, 33, 50, 17, 6, 22, 48, 38, 34, 45, 8, 43, 2, 30, 14, 15, 40, 23, 29, 41, 27, 10, 49, 13, 42, 37, 4, 35, 28, 1, 20, 21, 3, 36, 11, 44, 31, 47, 16, 46, 19, 7, 12, 26, 24, 9, 39, 25]

3760.2026
[39, 25, 28, 45, 16, 43, 42, 12, 17, 21, 6, 1, 23, 47, 9, 15, 20, 8, 4, 50, 41, 2, 19, 32, 35, 10, 14, 22, 34, 29, 46, 48, 49, 44, 24, 26, 5, 36, 7, 18, 27, 37, 11, 40, 31, 33, 3, 38, 13, 30]

11270.778
[14, 48, 31, 25, 17, 12, 2, 19, 24, 35, 27, 38, 50, 26, 6, 36, 3, 33, 22, 28, 49, 21, 7, 9, 40, 39, 13, 4, 23, 43, 8, 41, 5, 34, 47, 45, 32, 15, 16, 46, 18, 20, 30, 29, 42, 11, 1, 44, 10, 37]

5983.6514
[2, 14, 22, 13, 31, 34, 27, 43, 17, 15, 24, 41, 50, 4, 49, 44, 23, 3, 19, 48, 7, 25, 28, 29, 32, 5, 47, 11, 9, 16, 38, 45, 26, 42, 1, 10, 37, 36, 46, 6, 39, 12, 18, 21, 20, 30, 35, 8, 33, 40]

2660.0037
[47, 9, 30, 2, 21, 13, 33, 20, 34, 19, 35, 37, 43, 6, 39, 15, 48, 1, 8, 22, 45, 25, 32, 29, 7, 28, 3, 49, 23, 41, 12, 50, 17, 27, 44, 4, 40, 38, 31, 36, 42, 11, 5, 10, 46, 16, 26, 14, 18, 24]

2667.4944
[36, 39, 22, 32, 47, 6, 15, 8, 43, 4, 5, 1, 25, 46, 40, 21, 27, 37, 31, 7, 10, 12, 23, 42, 16, 14, 28, 3, 44, 13, 26, 19, 17, 9, 50, 49, 35, 41, 20, 18, 11, 2, 29, 38, 24, 33, 45, 34, 30, 48]

2667.4944
[6, 7, 50, 25, 28, 32, 49, 31, 1, 19, 9, 24, 18, 46, 35, 10, 29, 36, 38, 43, 37, 26, 14, 15, 2, 33, 16, 48, 23, 13, 22, 12, 27, 39, 17, 45, 34, 47, 20, 41, 21, 5, 4, 42, 8, 11, 3, 30, 44, 40]

5863.8047
[21, 25, 39, 11, 2, 3, 42, 48, 44, 40, 4, 10, 6, 22, 5, 7, 46, 17, 23, 41, 28, 13, 38, 9, 36, 31, 45, 1, 37, 15, 18, 47, 27, 49, 35, 29, 14, 43, 34, 19, 26, 30, 12, 32, 16, 33, 8, 24, 50, 20]

4171.262
[6, 25, 41, 39, 47, 11, 24, 14, 42, 31, 16, 33, 23, 34, 8, 13, 27, 43, 32, 36, 15, 12, 45, 10, 26, 48, 3, 40, 1, 49, 50, 19, 5, 2, 21, 9, 17, 4, 28, 20, 37, 35, 18, 22, 7, 29, 44, 30, 38, 46]

11378.549
[4, 39, 1, 34, 6, 9, 41, 12, 47, 28, 3, 36, 50, 42, 2, 8, 45, 40, 5, 20, 23, 17, 35, 13, 44, 15, 32, 7, 37, 19, 49, 31, 33, 26, 48, 22, 18, 43, 25, 46, 30, 14, 11, 24, 27, 29, 10, 38, 21, 16]

8443.075
[50, 31, 5, 44, 16, 39, 37, 15, 43, 42, 46, 3, 14, 8, 29, 33, 28, 19, 49, 21, 36, 1, 35, 32, 24, 13, 30, 48, 9, 40, 38, 45, 4, 10, 2, 27, 41, 12, 34, 47, 26, 17, 7, 25, 18, 23, 6, 11, 20, 22]

2790.5356
[26, 6, 35, 37, 13, 23, 3, 49, 19, 31, 22, 42, 14, 44, 1, 43, 18, 32, 12, 17, 20, 8, 41, 30, 16, 4, 25, 10, 33, 2, 27, 5, 15, 47, 36, 7, 21, 28, 48, 50, 40, 39, 38, 34, 24, 46, 45, 29, 11, 9]

13317.176
[25, 5, 37, 6, 13, 41, 20, 30, 12, 24, 2, 9, 36, 18, 17, 48, 26, 32, 15, 38, 44, 43, 10, 14, 31, 21, 3, 23, 22, 45, 8, 39, 40, 50, 4, 27, 47, 16, 35, 34, 46, 19, 29, 49, 28, 1, 42, 11, 7, 33]

3863.4143
[30, 18, 12, 37, 24, 2, 22, 4, 23, 7, 11, 38, 25, 41, 46, 28, 40, 34, 48, 27, 19, 29, 47, 32, 21, 16, 8, 43, 14, 49, 26, 10, 3, 13, 33, 5, 35, 20, 50, 45, 42, 9, 39, 17, 36, 15, 6, 44, 1, 31]

3085.3967
[19, 18, 46, 14, 3, 50, 32, 21, 1, 36, 40, 33, 28, 38, 10, 20, 15, 8, 45, 16, 13, 11, 6, 5, 30, 22, 47, 9, 7, 43, 25, 29, 44, 24, 31, 23, 35, 49, 37, 39, 27, 17, 34, 2, 48, 12, 4, 42, 26, 41]

6187.7554
[24, 4, 40, 6, 36, 27, 18, 35, 49, 50, 5, 43, 20, 15, 12, 44, 30, 16, 46, 29, 38, 34, 42, 25, 47, 13, 31, 26, 45, 48, 17, 39, 10, 37, 9, 1, 3, 11, 2, 22, 7, 33, 41, 14, 23, 32, 21, 28, 8, 19]

2766.4297
[16, 42, 24, 44, 31, 35, 2, 47, 15, 30, 33, 14, 6, 5, 29, 20, 22, 9, 46, 3, 13, 7, 48, 50, 1, 23, 8, 39, 49, 41, 17, 38, 10, 21, 28, 4, 34, 36, 45, 18, 40, 25, 32, 11, 43, 19, 12, 27, 37, 26]

8268.19
[24, 5, 18, 6, 19, 1, 3, 50, 29, 45, 48, 35, 47, 10, 13, 40, 7, 8, 37, 23, 46, 15, 14, 16, 36, 20, 21, 12, 44, 26, 38, 30, 43, 27, 28, 34, 25, 2, 4, 33, 22, 17, 39, 11, 49, 31, 41, 42, 9, 32]

3939.8972
[45, 30, 27, 29, 32, 23, 11, 4, 12, 49, 26, 39, 17, 15, 5, 25, 46, 36, 19, 38, 7, 31, 35, 42, 10, 1, 43, 47, 21, 22, 40, 44, 24, 34, 33, 20, 3, 6, 18, 28, 13, 9, 14, 2, 37, 16, 50, 41, 48, 8]

3693.684
[9, 31, 4, 38, 48, 34, 2, 12, 26, 25, 33, 23, 29, 37, 20, 35, 18, 17, 27, 11, 39, 16, 32, 15, 45, 41, 14, 46, 50, 13, 3, 6, 43, 5, 47, 22, 24, 36, 10, 49, 21, 8, 28, 1, 42, 44, 7, 19, 40, 30]

5031.841
[27, 10, 2, 24, 14, 39, 34, 47, 23, 30, 44, 17, 21, 1, 38, 32, 19, 33, 28, 6, 18, 50, 13, 8, 25, 37, 26, 9, 20, 36, 31, 3, 5, 49, 42, 7, 22, 15, 43, 4, 40, 35, 46, 45, 41, 12, 29, 16, 48, 11]

2192.872
[25, 17, 18, 10, 39, 14, 37, 15, 38, 31, 19, 23, 16, 12, 44, 48, 30, 2, 36, 43, 29, 49, 6, 21, 8, 47, 24, 13, 1, 45, 34, 27, 4, 50, 32, 9, 33, 41, 7, 42, 40, 46, 5, 3, 22, 26, 28, 11, 20, 35]

6095.6875
[17, 1, 30, 3, 38, 31, 7, 22, 35, 46, 13, 43, 33, 50, 27, 23, 40, 16, 6, 12, 10, 32, 5, 47, 24, 34, 20, 28, 42, 39, 44, 21, 48, 49, 15, 29, 8, 19, 11, 2, 45, 41, 14, 26, 36, 25, 37, 4, 18, 9]

2828.2375
[40, 6, 27, 3, 25, 42, 50, 43, 24, 4, 29, 7, 26, 12, 2, 20, 47, 10, 19, 39, 38, 34, 30, 32, 8, 17, 14, 35, 49, 1, 5, 44, 18, 16, 37, 45, 28, 23, 15, 22, 21, 13, 9, 31, 41, 11, 33, 46, 48, 36]

7178.134
[45, 20, 48, 38, 18, 36, 13, 25, 6, 35, 2, 24, 46, 42, 43, 10, 41, 19, 22, 14, 21, 8, 15, 26, 30, 29, 5, 1, 44, 37, 17, 3, 4, 49, 31, 16, 47, 27, 40, 9, 32, 28, 39, 7, 12, 11, 34, 23, 33, 50]

5453.496
[19, 41, 3, 30, 5, 34, 28, 12, 31, 17, 23, 43, 35, 42, 46, 47, 4, 38, 45, 2, 10, 7, 22, 24, 48, 49, 37, 39, 25, 18, 36, 15, 8, 33, 29, 9, 27, 13, 21, 20, 32, 1, 44, 40, 14, 6, 16, 26, 50, 11]

6639.9185
[17, 13, 23, 45, 3, 22, 20, 15, 10, 38, 7, 47, 9, 31, 25, 48, 16, 24, 8, 39, 35, 18, 1, 37, 12, 50, 6, 21, 11, 43, 33, 42, 4, 30, 26, 46, 27, 32, 40, 36, 28, 44, 29, 2, 49, 14, 34, 19, 5, 41]