6521.75430641989
[46, 12, 48, 29, 32, 33, 23, 34, 43, 14, 44, 50, 19, 25, 41, 37, 20, 49, 15, 30, 1, 39, 38, 28, 40, 22, 6, 21, 17, 10, 31, 42, 26, 47, 36, 11, 24, 45, 9, 3, 18, 4, 2, 13, 7, 5, 16, 27, 35, 8]

5843.704648864446
[47, 3, 42, 44, 11, 41, 20, 43, 49, 5, 4, 1, 36, 38, 39, 27, 31, 16, 15, 19, 18, 25, 32, 9, 17, 33, 23, 45, 26, 46, 37, 40, 12, 48, 30, 6, 29, 21, 22, 7, 10, 8, 35, 34, 24, 13, 14, 2, 50, 28]

9536.59096087647
[27, 4, 29, 5, 32, 34, 33, 17, 31, 16, 25, 14, 24, 40, 10, 19, 3, 8, 37, 12, 9, 1, 21, 30, 49, 28, 48, 47, 46, 39, 11, 35, 18, 23, 43, 22, 20, 7, 26, 41, 44, 13, 15, 38, 2, 6, 45, 50, 42, 36]

5392.771699186049
[48, 18, 32, 33, 5, 43, 50, 17, 6, 20, 38, 45, 34, 22, 10, 2, 8, 23, 27, 40, 30, 15, 14, 49, 41, 29, 13, 37, 42, 4, 35, 28, 47, 1, 44, 3, 21, 31, 16, 36, 11, 24, 19, 12, 7, 9, 26, 46, 39, 25]

3759.577076540683
[28, 16, 45, 39, 25, 42, 12, 43, 1, 6, 21, 17, 23, 47, 9, 15, 14, 46, 8, 20, 41, 35, 4, 2, 19, 50, 32, 10, 29, 34, 26, 48, 49, 24, 44, 36, 5, 7, 31, 40, 37, 11, 27, 18, 33, 38, 3, 30, 13, 22]

11271.351844231565
[17, 2, 14, 24, 19, 25, 31, 36, 12, 27, 35, 38, 3, 48, 39, 6, 33, 22, 21, 49, 28, 7, 4, 40, 26, 9, 13, 43, 23, 50, 8, 41, 5, 47, 34, 15, 32, 16, 45, 46, 20, 30, 18, 42, 37, 11, 29, 1, 10, 44]

5988.838710449807
[14, 2, 22, 31, 32, 34, 27, 43, 17, 24, 1, 15, 41, 50, 47, 23, 19, 44, 3, 45, 49, 48, 7, 25, 29, 28, 5, 4, 9, 16, 37, 26, 10, 13, 42, 38, 11, 46, 36, 6, 39, 21, 18, 12, 20, 30, 35, 8, 40, 33]

2655.4974279886783
[47, 30, 41, 9, 13, 21, 2, 25, 8, 35, 36, 37, 33, 34, 19, 20, 43, 6, 39, 15, 48, 22, 45, 7, 32, 29, 49, 28, 3, 17, 1, 4, 23, 12, 27, 44, 50, 5, 11, 40, 38, 42, 31, 10, 46, 16, 26, 14, 18, 24]

2673.330491127896
[32, 47, 46, 22, 39, 43, 15, 6, 8, 36, 25, 1, 4, 40, 27, 37, 5, 31, 44, 7, 10, 21, 12, 14, 42, 16, 28, 26, 19, 13, 17, 3, 9, 20, 23, 49, 35, 41, 18, 50, 24, 2, 45, 38, 11, 29, 33, 34, 30, 48]

3558.7606355958715
[6, 25, 50, 31, 28, 49, 7, 32, 1, 35, 36, 24, 9, 18, 29, 46, 10, 15, 38, 26, 43, 37, 2, 14, 33, 16, 22, 19, 23, 48, 27, 12, 13, 5, 21, 45, 39, 17, 41, 42, 47, 34, 20, 4, 11, 8, 3, 30, 44, 40]

5862.07108759515
[21, 22, 3, 48, 42, 10, 11, 4, 6, 25, 2, 7, 46, 17, 39, 44, 31, 40, 5, 23, 41, 28, 29, 38, 9, 15, 18, 45, 36, 37, 13, 49, 1, 27, 47, 14, 35, 19, 26, 34, 43, 30, 12, 32, 33, 16, 8, 24, 50, 20]

4170.580822568429
[6, 25, 47, 24, 39, 41, 31, 14, 11, 8, 16, 23, 15, 48, 43, 32, 34, 36, 42, 13, 27, 12, 45, 26, 10, 33, 3, 40, 1, 49, 50, 5, 18, 17, 2, 21, 19, 22, 37, 28, 4, 9, 20, 44, 7, 29, 30, 35, 38, 46]

11362.821918541315
[34, 45, 4, 1, 6, 28, 3, 23, 9, 39, 41, 47, 36, 42, 50, 2, 17, 5, 35, 32, 20, 12, 13, 40, 8, 44, 19, 31, 33, 37, 7, 16, 26, 15, 48, 18, 22, 43, 46, 25, 24, 11, 14, 30, 27, 10, 29, 38, 21, 49]

8440.630948854403
[5, 31, 42, 50, 44, 16, 37, 15, 43, 39, 3, 14, 46, 33, 29, 8, 28, 19, 49, 21, 1, 36, 32, 35, 9, 30, 48, 24, 40, 45, 38, 4, 10, 2, 27, 41, 12, 34, 47, 17, 26, 18, 25, 7, 6, 23, 11, 20, 22, 13]

2790.5600483544363
[26, 35, 42, 6, 13, 25, 19, 22, 23, 37, 31, 3, 14, 44, 49, 1, 43, 21, 32, 12, 17, 20, 8, 41, 4, 16, 30, 33, 2, 10, 27, 47, 15, 5, 36, 7, 18, 28, 48, 50, 40, 24, 38, 34, 39, 46, 29, 45, 9, 11]

13287.399557333632
[25, 20, 6, 36, 24, 12, 30, 2, 37, 5, 18, 17, 13, 44, 14, 9, 4, 48, 26, 15, 38, 32, 10, 41, 50, 31, 43, 40, 45, 23, 3, 22, 21, 39, 8, 47, 27, 16, 35, 34, 46, 19, 29, 49, 28, 42, 1, 7, 11, 33]

3861.6678927860276
[7, 37, 24, 12, 22, 2, 4, 23, 48, 38, 30, 34, 28, 11, 20, 19, 18, 40, 41, 46, 32, 29, 47, 5, 21, 8, 26, 27, 25, 14, 49, 10, 43, 16, 33, 42, 13, 3, 9, 35, 17, 50, 39, 45, 6, 36, 15, 44, 1, 31]

3085.555132010257
[10, 19, 18, 3, 14, 32, 50, 21, 9, 40, 1, 46, 15, 8, 36, 38, 20, 33, 28, 13, 16, 45, 6, 5, 30, 22, 7, 47, 11, 29, 43, 25, 44, 24, 31, 23, 35, 49, 37, 39, 27, 17, 34, 2, 4, 48, 12, 42, 26, 41]

6189.307874046453
[24, 4, 27, 35, 18, 36, 6, 49, 46, 40, 50, 9, 43, 5, 15, 20, 12, 30, 44, 47, 38, 25, 16, 13, 29, 42, 45, 34, 31, 39, 17, 10, 3, 26, 1, 37, 48, 11, 22, 2, 33, 7, 41, 14, 23, 21, 32, 28, 8, 19]

2759.598919898732
[2, 15, 16, 42, 24, 30, 47, 44, 31, 20, 33, 9, 35, 6, 14, 3, 22, 46, 7, 13, 48, 1, 50, 39, 23, 8, 4, 28, 5, 29, 21, 41, 38, 10, 17, 49, 36, 40, 34, 45, 11, 25, 18, 32, 19, 43, 12, 27, 37, 26]

8264.007494359552
[50, 35, 5, 24, 18, 3, 48, 39, 29, 7, 1, 40, 21, 6, 13, 10, 8, 37, 23, 19, 46, 15, 45, 16, 47, 30, 36, 12, 14, 27, 44, 20, 34, 43, 26, 38, 28, 2, 25, 33, 4, 17, 22, 11, 31, 41, 49, 42, 9, 32]

3936.96880543173
[45, 30, 27, 29, 32, 23, 15, 39, 4, 26, 49, 17, 12, 11, 5, 25, 19, 36, 38, 7, 31, 10, 1, 42, 35, 43, 21, 47, 46, 44, 3, 40, 24, 41, 33, 20, 28, 6, 18, 22, 13, 14, 9, 2, 37, 16, 34, 50, 48, 8]

3692.922636724614
[43, 2, 9, 31, 34, 48, 12, 37, 25, 29, 33, 20, 23, 4, 26, 38, 17, 35, 18, 27, 11, 39, 32, 42, 15, 45, 41, 46, 14, 5, 50, 6, 24, 49, 47, 13, 8, 3, 10, 22, 28, 36, 21, 1, 16, 7, 44, 19, 40, 30]

5030.976794151613
[10, 27, 39, 34, 14, 24, 2, 30, 38, 47, 21, 32, 23, 1, 19, 28, 33, 6, 18, 45, 50, 8, 25, 20, 9, 44, 17, 37, 31, 7, 5, 26, 3, 42, 49, 36, 15, 22, 4, 43, 35, 40, 46, 13, 41, 12, 29, 16, 48, 11]

2192.9773018065443
[17, 25, 10, 13, 37, 19, 21, 38, 15, 31, 34, 12, 14, 16, 44, 36, 43, 30, 4, 48, 2, 49, 29, 6, 23, 8, 39, 24, 47, 1, 45, 9, 18, 27, 33, 50, 32, 46, 40, 42, 41, 7, 26, 3, 22, 5, 28, 11, 20, 35]

6078.0218843172825
[17, 3, 22, 1, 31, 38, 32, 35, 7, 46, 13, 43, 40, 33, 50, 27, 23, 16, 6, 30, 5, 10, 34, 42, 28, 12, 47, 24, 21, 48, 49, 44, 19, 39, 29, 8, 15, 20, 26, 25, 2, 11, 41, 45, 14, 36, 37, 4, 18, 9]

2827.1820896758777
[4, 24, 27, 40, 3, 43, 50, 7, 29, 25, 26, 2, 12, 10, 47, 20, 42, 6, 19, 39, 34, 30, 32, 8, 17, 14, 35, 1, 49, 31, 45, 38, 18, 16, 37, 5, 28, 23, 15, 13, 21, 22, 9, 44, 11, 33, 41, 46, 48, 36]

7175.244461740225
[45, 48, 11, 20, 38, 18, 36, 13, 41, 6, 35, 2, 24, 46, 42, 25, 10, 43, 22, 21, 8, 19, 14, 15, 26, 29, 30, 17, 1, 44, 5, 3, 37, 4, 31, 49, 16, 47, 40, 9, 27, 28, 32, 39, 7, 23, 33, 12, 50, 34]

5456.8224141411765
[5, 30, 41, 19, 12, 37, 28, 43, 2, 4, 47, 34, 3, 31, 23, 45, 42, 17, 38, 46, 7, 22, 10, 49, 24, 35, 25, 39, 15, 36, 18, 29, 8, 33, 9, 27, 13, 21, 20, 1, 32, 44, 48, 40, 6, 14, 16, 50, 26, 11]

6626.228830225886
[13, 23, 10, 15, 45, 3, 16, 48, 24, 7, 20, 9, 47, 22, 31, 38, 25, 8, 32, 39, 18, 1, 37, 50, 12, 21, 11, 33, 43, 26, 4, 42, 27, 6, 30, 44, 28, 46, 35, 36, 40, 29, 49, 2, 14, 34, 19, 17, 5, 41]