6517.778099961688
[46, 48, 12, 23, 29, 32, 34, 43, 33, 14, 44, 50, 19, 25, 24, 37, 20, 49, 15, 38, 1, 39, 30, 28, 40, 22, 6, 17, 47, 31, 26, 10, 42, 36, 21, 11, 41, 45, 9, 3, 18, 4, 13, 2, 7, 5, 16, 27, 8, 35]

5846.177383234976
[3, 47, 42, 11, 41, 44, 43, 20, 49, 5, 4, 39, 38, 27, 31, 36, 16, 1, 19, 15, 25, 18, 17, 33, 23, 32, 45, 37, 9, 26, 12, 46, 40, 48, 30, 29, 6, 21, 22, 10, 7, 8, 35, 28, 13, 24, 34, 50, 2, 14]

9528.249045825978
[29, 25, 32, 4, 17, 34, 33, 5, 24, 31, 40, 27, 16, 14, 30, 19, 10, 37, 47, 8, 9, 12, 1, 21, 49, 3, 28, 39, 46, 11, 48, 35, 43, 23, 18, 7, 22, 26, 20, 41, 15, 13, 44, 38, 45, 2, 6, 50, 36, 42]

5389.156965810916
[32, 18, 5, 48, 50, 20, 6, 43, 22, 45, 17, 33, 38, 34, 27, 2, 8, 23, 10, 40, 30, 14, 15, 49, 41, 29, 13, 42, 37, 28, 1, 47, 3, 4, 35, 36, 21, 11, 31, 44, 16, 19, 46, 12, 7, 9, 26, 24, 39, 25]

3760.217121448499
[39, 25, 23, 28, 14, 1, 16, 43, 45, 46, 6, 12, 42, 17, 21, 15, 47, 9, 8, 20, 41, 2, 50, 4, 19, 32, 35, 10, 29, 34, 44, 48, 26, 24, 49, 5, 36, 7, 31, 27, 37, 11, 40, 18, 33, 3, 38, 13, 30, 22]

11267.131843908426
[14, 3, 31, 17, 2, 12, 48, 24, 19, 25, 27, 35, 38, 33, 26, 39, 36, 6, 22, 28, 49, 21, 7, 40, 13, 43, 9, 23, 4, 8, 50, 41, 5, 34, 47, 45, 32, 15, 16, 46, 30, 18, 20, 29, 42, 1, 11, 10, 44, 37]

5983.731679892317
[14, 22, 2, 31, 32, 34, 43, 17, 27, 41, 15, 1, 24, 50, 4, 23, 19, 49, 3, 13, 44, 48, 25, 7, 29, 28, 37, 11, 9, 47, 16, 5, 36, 26, 42, 38, 10, 46, 45, 6, 39, 21, 12, 18, 20, 35, 8, 30, 40, 33]

2652.9600668673793
[47, 20, 30, 37, 21, 9, 13, 34, 25, 36, 8, 2, 41, 33, 35, 19, 43, 6, 15, 39, 48, 22, 45, 32, 29, 7, 49, 3, 28, 4, 17, 27, 23, 12, 1, 5, 50, 44, 31, 40, 38, 11, 10, 46, 42, 16, 26, 14, 24, 18]

2665.854940358752
[36, 39, 22, 32, 43, 46, 47, 15, 6, 8, 5, 4, 1, 40, 25, 31, 27, 37, 10, 3, 21, 12, 14, 16, 42, 28, 7, 9, 44, 17, 13, 26, 23, 49, 41, 50, 35, 19, 18, 20, 2, 11, 45, 38, 29, 24, 33, 34, 48, 30]

3561.2102738374488
[6, 50, 31, 25, 28, 32, 7, 46, 1, 49, 19, 24, 9, 10, 36, 29, 15, 18, 38, 43, 26, 37, 33, 2, 16, 14, 35, 22, 48, 27, 21, 13, 34, 12, 39, 45, 17, 4, 41, 47, 5, 42, 20, 8, 11, 3, 30, 44, 23, 40]

5864.061734478526
[21, 6, 10, 25, 22, 4, 3, 39, 40, 42, 48, 7, 46, 44, 5, 17, 11, 31, 2, 23, 41, 28, 13, 9, 38, 36, 37, 15, 18, 29, 49, 1, 14, 45, 35, 47, 27, 19, 34, 26, 43, 12, 30, 32, 16, 33, 8, 24, 20, 50]

4164.532228784086
[25, 6, 34, 39, 16, 14, 11, 31, 41, 24, 42, 36, 32, 8, 47, 13, 27, 33, 23, 43, 15, 12, 45, 26, 10, 48, 3, 1, 49, 50, 5, 40, 17, 2, 19, 21, 18, 22, 37, 4, 28, 20, 9, 29, 44, 7, 30, 38, 35, 46]

11354.484443144585
[4, 12, 39, 1, 34, 6, 41, 9, 5, 47, 28, 3, 36, 23, 17, 45, 42, 50, 2, 13, 8, 7, 35, 40, 20, 19, 44, 33, 31, 49, 15, 26, 37, 32, 48, 22, 18, 43, 46, 25, 11, 24, 27, 30, 14, 10, 29, 38, 21, 16]

8440.314983594386
[50, 44, 5, 16, 31, 39, 37, 15, 43, 42, 46, 3, 14, 33, 8, 29, 28, 19, 49, 21, 1, 36, 35, 32, 24, 30, 48, 9, 40, 45, 38, 10, 4, 27, 41, 2, 12, 34, 47, 17, 26, 7, 18, 25, 23, 11, 6, 20, 22, 13]

2790.569062610452
[26, 6, 14, 13, 25, 37, 19, 22, 23, 3, 31, 42, 44, 35, 1, 49, 43, 18, 32, 12, 20, 17, 8, 41, 4, 30, 16, 10, 33, 2, 27, 47, 15, 5, 7, 36, 21, 28, 48, 38, 40, 24, 50, 34, 39, 46, 45, 29, 9, 11]

13279.316720641247
[37, 20, 36, 25, 6, 12, 2, 24, 5, 41, 30, 18, 17, 14, 44, 13, 9, 48, 4, 26, 15, 31, 38, 50, 32, 10, 43, 8, 22, 45, 21, 3, 23, 27, 39, 47, 40, 16, 35, 46, 34, 19, 29, 28, 49, 42, 1, 33, 7, 11]

3857.758687915355
[7, 12, 24, 37, 22, 2, 18, 28, 23, 4, 11, 41, 30, 46, 38, 48, 34, 20, 40, 19, 32, 29, 47, 16, 21, 27, 14, 26, 25, 10, 49, 43, 8, 33, 5, 3, 9, 42, 13, 35, 50, 17, 45, 39, 36, 15, 6, 1, 44, 31]

3083.871626523828
[19, 46, 18, 33, 40, 1, 50, 38, 32, 14, 3, 28, 11, 21, 10, 20, 13, 15, 8, 45, 9, 16, 6, 5, 30, 22, 7, 47, 36, 29, 43, 25, 44, 31, 24, 23, 35, 27, 37, 39, 49, 34, 17, 2, 12, 4, 48, 42, 41, 26]

6187.036862237039
[24, 4, 35, 18, 6, 49, 36, 46, 40, 27, 50, 9, 43, 5, 20, 15, 12, 44, 30, 42, 16, 29, 13, 45, 47, 34, 38, 25, 31, 39, 17, 10, 1, 26, 3, 37, 48, 11, 22, 2, 7, 33, 41, 14, 32, 21, 23, 28, 8, 19]

2762.138710294328
[15, 2, 16, 33, 24, 31, 44, 20, 14, 5, 6, 30, 47, 42, 35, 22, 9, 46, 13, 7, 48, 1, 50, 39, 23, 8, 49, 45, 3, 29, 28, 41, 38, 17, 10, 40, 21, 36, 4, 34, 18, 25, 11, 19, 32, 43, 12, 27, 26, 37]

8257.852178489717
[6, 35, 5, 24, 18, 39, 19, 50, 3, 29, 1, 45, 48, 7, 47, 10, 13, 8, 37, 15, 46, 23, 40, 14, 16, 30, 21, 12, 36, 20, 34, 26, 43, 27, 44, 28, 38, 2, 25, 4, 33, 22, 17, 11, 41, 31, 49, 9, 42, 32]

3935.831439668163
[45, 30, 32, 29, 27, 23, 39, 49, 15, 4, 26, 12, 11, 17, 5, 25, 19, 36, 38, 7, 31, 1, 42, 10, 35, 43, 22, 40, 47, 21, 44, 3, 34, 24, 33, 6, 46, 20, 28, 18, 13, 9, 14, 2, 37, 16, 50, 41, 48, 8]

3691.5301448913738
[9, 31, 2, 38, 34, 12, 43, 33, 29, 4, 26, 23, 25, 48, 37, 20, 17, 35, 18, 27, 11, 32, 16, 39, 15, 45, 41, 46, 14, 50, 5, 6, 3, 49, 47, 13, 8, 10, 24, 22, 28, 36, 1, 21, 42, 44, 7, 19, 40, 30]

5023.986315071574
[10, 27, 24, 2, 30, 41, 14, 21, 34, 39, 32, 47, 44, 23, 1, 19, 28, 33, 6, 18, 13, 50, 8, 25, 37, 9, 38, 26, 17, 31, 5, 20, 42, 49, 3, 36, 7, 15, 22, 4, 43, 35, 40, 46, 45, 12, 29, 48, 16, 11]

2194.1376494373017
[17, 25, 10, 39, 15, 23, 37, 31, 16, 19, 34, 14, 12, 38, 44, 2, 43, 30, 48, 36, 4, 29, 49, 6, 21, 13, 8, 47, 24, 45, 1, 33, 18, 27, 9, 50, 32, 42, 46, 40, 41, 7, 3, 5, 26, 22, 28, 11, 20, 35]

6076.105850677638
[3, 1, 7, 31, 38, 35, 17, 30, 22, 46, 43, 13, 33, 40, 50, 27, 23, 16, 6, 10, 42, 32, 47, 12, 5, 28, 24, 34, 21, 44, 49, 19, 39, 15, 20, 48, 14, 26, 29, 8, 41, 2, 45, 11, 25, 36, 4, 37, 18, 9]

2827.9061811065417
[24, 4, 27, 40, 43, 50, 3, 25, 26, 2, 12, 6, 20, 29, 7, 42, 47, 39, 10, 34, 30, 32, 17, 19, 8, 14, 35, 1, 49, 5, 45, 38, 18, 37, 16, 44, 28, 23, 15, 22, 21, 13, 9, 31, 33, 41, 11, 46, 48, 36]

7175.244461740225
[45, 20, 11, 18, 38, 48, 36, 13, 25, 6, 35, 2, 46, 24, 42, 41, 43, 19, 10, 22, 14, 21, 8, 26, 15, 30, 17, 29, 1, 44, 5, 37, 3, 49, 31, 4, 16, 47, 9, 27, 40, 28, 32, 39, 7, 50, 23, 12, 33, 34]

5456.777937773846
[19, 41, 35, 34, 31, 30, 5, 2, 4, 28, 12, 43, 17, 23, 38, 3, 42, 10, 7, 22, 46, 47, 45, 24, 49, 37, 39, 25, 18, 36, 15, 8, 9, 27, 13, 20, 33, 21, 29, 1, 32, 44, 48, 40, 6, 14, 16, 26, 11, 50]

6625.216137448672
[13, 20, 15, 10, 3, 23, 16, 24, 38, 9, 31, 45, 47, 7, 22, 25, 8, 39, 35, 18, 1, 37, 50, 12, 21, 11, 4, 43, 42, 6, 26, 33, 44, 28, 27, 30, 48, 32, 40, 46, 36, 29, 2, 49, 14, 34, 19, 17, 5, 41]