76239.43882226472
[60, 30, 72, 2, 10, 64, 70, 90, 28, 76, 7, 43, 14, 51, 77, 83, 92, 62, 91, 67, 94, 42, 39, 18, 48, 24, 19, 23, 66, 81, 85, 73, 59, 71, 99, 37, 49, 40, 74, 34, 46, 56, 35, 36, 54, 55, 58, 79, 96, 9, 8, 13, 26, 93, 15, 29, 12, 17, 95, 61, 27, 97, 41, 87, 47, 88, 32, 1, 52, 11, 75, 3, 16, 20, 21, 38, 5, 78, 53, 80, 86, 57, 98, 31, 63, 33, 89, 6, 25, 4, 69, 82, 45, 50, 65, 68, 100, 84, 44, 22]

97083.60646240265
[27, 87, 61, 26, 28, 92, 84, 100, 77, 62, 22, 42, 52, 51, 83, 55, 73, 78, 12, 3, 11, 56, 34, 5, 32, 81, 8, 96, 49, 7, 47, 57, 58, 10, 24, 36, 79, 53, 89, 93, 85, 82, 30, 90, 66, 76, 70, 6, 67, 94, 44, 1, 39, 19, 45, 95, 21, 75, 18, 48, 74, 20, 9, 72, 25, 63, 15, 65, 50, 98, 40, 38, 23, 97, 33, 37, 64, 86, 88, 29, 35, 60, 80, 68, 14, 46, 31, 91, 59, 43, 99, 17, 2, 71, 16, 69, 4, 54, 41, 13]

69607.19852748873
[97, 50, 77, 7, 18, 91, 78, 17, 26, 99, 23, 57, 67, 21, 45, 34, 69, 25, 40, 10, 92, 30, 93, 76, 16, 19, 9, 65, 27, 2, 36, 53, 51, 37, 29, 66, 35, 59, 24, 80, 39, 70, 11, 22, 4, 82, 100, 79, 94, 63, 64, 55, 38, 33, 31, 68, 56, 95, 49, 14, 98, 47, 28, 74, 41, 54, 71, 60, 96, 48, 42, 43, 12, 73, 58, 1, 75, 8, 20, 88, 86, 5, 89, 46, 85, 32, 84, 81, 72, 6, 61, 62, 15, 87, 90, 13, 83, 44, 52, 3]

54563.13754923026
[53, 29, 42, 77, 27, 55, 98, 37, 79, 78, 64, 65, 6, 54, 39, 61, 67, 10, 7, 99, 26, 80, 92, 69, 45, 73, 68, 94, 86, 23, 72, 48, 13, 56, 35, 38, 74, 18, 9, 36, 51, 1, 5, 11, 24, 84, 21, 57, 63, 70, 22, 71, 47, 32, 88, 30, 76, 95, 20, 14, 8, 12, 16, 34, 52, 31, 44, 41, 3, 87, 40, 82, 50, 2, 91, 19, 15, 43, 81, 46, 75, 93, 96, 97, 60, 66, 17, 25, 28, 85, 83, 62, 58, 33, 90, 89, 59, 4, 100, 49]

79971.61180379339
[23, 65, 96, 68, 90, 19, 20, 40, 15, 12, 76, 91, 6, 69, 24, 73, 7, 25, 93, 70, 81, 63, 71, 28, 30, 22, 72, 54, 99, 66, 51, 9, 60, 34, 88, 100, 61, 17, 92, 52, 18, 84, 3, 43, 32, 89, 57, 87, 37, 94, 42, 35, 45, 31, 2, 50, 55, 16, 10, 41, 29, 48, 82, 49, 67, 56, 75, 36, 26, 77, 14, 59, 5, 33, 21, 79, 46, 97, 98, 47, 86, 78, 38, 80, 64, 53, 85, 1, 58, 11, 8, 13, 62, 27, 83, 4, 44, 95, 39, 74]

92410.63962237001
[52, 8, 3, 95, 21, 91, 40, 98, 93, 50, 97, 92, 76, 37, 10, 70, 80, 33, 59, 78, 22, 29, 26, 94, 5, 75, 35, 38, 42, 15, 73, 56, 64, 55, 74, 71, 66, 7, 1, 19, 63, 24, 51, 88, 17, 68, 96, 62, 58, 100, 67, 89, 41, 30, 16, 83, 82, 25, 53, 99, 31, 43, 27, 48, 20, 90, 23, 2, 45, 28, 14, 49, 9, 87, 69, 44, 79, 61, 4, 77, 46, 34, 12, 84, 85, 81, 65, 60, 18, 6, 11, 57, 39, 36, 86, 47, 32, 54, 13, 72]

152662.23472490354
[82, 85, 3, 100, 15, 18, 77, 16, 59, 80, 52, 7, 65, 20, 32, 86, 62, 13, 25, 72, 98, 57, 55, 51, 31, 56, 14, 68, 90, 89, 4, 87, 76, 78, 64, 44, 58, 48, 29, 54, 41, 23, 95, 17, 69, 63, 9, 24, 37, 94, 38, 26, 21, 71, 19, 22, 84, 74, 61, 88, 83, 49, 35, 45, 39, 28, 8, 70, 60, 53, 91, 30, 6, 99, 40, 81, 79, 47, 67, 96, 75, 93, 5, 11, 50, 97, 92, 10, 43, 34, 1, 42, 27, 12, 46, 73, 36, 33, 2, 66]

85889.20241443443
[29, 1, 46, 45, 19, 95, 80, 39, 28, 82, 88, 74, 68, 54, 10, 35, 30, 24, 37, 90, 85, 87, 2, 16, 52, 21, 89, 58, 69, 38, 73, 78, 22, 64, 8, 70, 40, 79, 20, 11, 77, 34, 48, 75, 53, 41, 83, 97, 91, 61, 44, 5, 7, 71, 66, 13, 67, 50, 84, 55, 15, 9, 76, 31, 99, 86, 6, 49, 92, 51, 36, 65, 12, 14, 43, 59, 47, 25, 4, 62, 94, 98, 96, 23, 63, 56, 42, 32, 33, 18, 57, 100, 3, 81, 27, 72, 17, 93, 26, 60]

52826.98578022477
[27, 28, 11, 41, 48, 21, 100, 56, 67, 32, 60, 6, 74, 54, 62, 20, 1, 15, 75, 70, 37, 94, 93, 43, 81, 34, 63, 49, 10, 65, 35, 36, 96, 18, 14, 7, 2, 76, 42, 64, 30, 90, 87, 52, 89, 12, 40, 58, 73, 26, 79, 19, 3, 45, 77, 85, 13, 29, 69, 78, 46, 57, 33, 16, 38, 17, 82, 24, 5, 22, 88, 59, 61, 99, 51, 71, 4, 83, 9, 98, 95, 31, 86, 66, 50, 80, 47, 53, 39, 72, 25, 23, 97, 92, 91, 84, 44, 8, 55, 68]

104802.13834909604
[91, 43, 18, 95, 40, 56, 26, 92, 5, 2, 38, 68, 71, 6, 77, 35, 8, 61, 42, 52, 94, 82, 10, 60, 72, 28, 21, 25, 83, 32, 23, 67, 30, 34, 16, 7, 37, 80, 33, 48, 76, 15, 81, 22, 75, 73, 100, 84, 24, 89, 88, 65, 1, 99, 12, 49, 70, 27, 69, 14, 4, 85, 96, 54, 31, 58, 51, 87, 62, 9, 44, 78, 53, 59, 79, 57, 47, 39, 20, 98, 45, 41, 66, 97, 86, 74, 64, 90, 11, 13, 17, 93, 29, 50, 63, 19, 55, 3, 46, 36]

68231.06220313424
[9, 80, 73, 33, 93, 99, 94, 24, 83, 46, 67, 47, 38, 64, 96, 87, 78, 90, 69, 28, 41, 50, 62, 53, 36, 86, 79, 18, 51, 37, 75, 10, 23, 95, 11, 14, 74, 19, 6, 91, 48, 20, 2, 68, 1, 15, 44, 85, 25, 7, 77, 4, 12, 49, 13, 88, 21, 71, 72, 52, 70, 40, 98, 82, 54, 56, 43, 81, 34, 61, 66, 59, 22, 92, 17, 8, 31, 3, 58, 5, 84, 29, 57, 100, 55, 45, 32, 76, 27, 42, 39, 26, 89, 65, 30, 16, 63, 35, 60, 97]

103995.95090146505
[25, 3, 9, 87, 81, 10, 21, 64, 44, 54, 67, 82, 74, 33, 56, 12, 2, 62, 29, 86, 23, 99, 52, 55, 24, 8, 97, 61, 45, 68, 31, 42, 80, 63, 70, 46, 32, 57, 11, 38, 92, 48, 73, 93, 77, 53, 98, 7, 89, 19, 41, 51, 69, 16, 20, 59, 4, 43, 78, 71, 90, 5, 91, 40, 75, 49, 72, 1, 18, 28, 100, 66, 6, 36, 50, 58, 39, 15, 26, 85, 60, 83, 76, 79, 65, 14, 13, 96, 94, 47, 17, 35, 30, 22, 37, 84, 88, 34, 95, 27]

76340.86138788548
[55, 69, 16, 96, 51, 73, 28, 9, 4, 75, 67, 56, 81, 84, 7, 58, 6, 12, 54, 63, 92, 77, 88, 100, 48, 90, 99, 2, 71, 85, 23, 27, 97, 82, 14, 43, 98, 42, 49, 15, 86, 34, 72, 57, 79, 65, 37, 41, 53, 29, 70, 62, 52, 31, 61, 87, 3, 60, 95, 74, 11, 18, 26, 50, 30, 13, 35, 40, 25, 68, 39, 64, 80, 19, 17, 46, 8, 5, 94, 45, 36, 38, 66, 59, 10, 76, 78, 89, 33, 91, 22, 93, 47, 83, 44, 21, 24, 32, 1, 20]

68108.958988176
[15, 81, 33, 86, 27, 40, 59, 9, 93, 14, 35, 92, 31, 21, 80, 56, 100, 74, 83, 23, 43, 3, 42, 54, 44, 6, 24, 49, 95, 37, 67, 4, 45, 57, 78, 89, 2, 19, 71, 98, 55, 30, 73, 39, 72, 8, 88, 69, 94, 46, 12, 51, 75, 34, 53, 50, 22, 68, 90, 91, 79, 18, 70, 52, 29, 99, 20, 76, 66, 85, 38, 62, 36, 82, 48, 26, 11, 28, 10, 65, 58, 17, 96, 13, 60, 97, 77, 41, 7, 1, 61, 5, 63, 47, 25, 16, 84, 64, 32, 87]

88152.0297937878
[87, 42, 86, 50, 82, 8, 1, 11, 74, 76, 32, 18, 40, 63, 25, 51, 47, 45, 65, 59, 85, 52, 33, 4, 93, 14, 73, 30, 44, 54, 95, 64, 48, 13, 53, 38, 84, 98, 100, 3, 17, 34, 20, 71, 77, 69, 19, 56, 96, 67, 66, 36, 28, 21, 88, 81, 46, 31, 43, 35, 9, 83, 70, 61, 49, 89, 99, 23, 79, 39, 92, 68, 60, 24, 97, 58, 41, 72, 5, 57, 6, 22, 16, 27, 2, 94, 55, 37, 80, 91, 7, 90, 62, 75, 29, 15, 10, 78, 12, 26]

74381.89484607645
[63, 80, 37, 35, 25, 49, 24, 54, 47, 100, 22, 82, 78, 71, 28, 12, 26, 83, 23, 11, 14, 3, 96, 70, 33, 34, 21, 10, 84, 93, 52, 5, 90, 2, 1, 65, 6, 44, 74, 98, 51, 27, 42, 73, 38, 56, 43, 85, 39, 79, 66, 31, 36, 91, 81, 18, 60, 59, 30, 88, 67, 20, 92, 46, 32, 94, 61, 48, 55, 16, 17, 69, 4, 62, 97, 53, 9, 57, 29, 87, 72, 95, 76, 8, 50, 7, 75, 99, 13, 15, 68, 89, 86, 45, 64, 58, 19, 40, 77, 41]

37740.398482702825
[33, 42, 82, 18, 7, 38, 98, 9, 54, 22, 48, 23, 58, 43, 37, 1, 46, 11, 92, 12, 50, 53, 47, 89, 96, 78, 80, 41, 16, 15, 10, 85, 86, 76, 21, 70, 99, 27, 69, 49, 24, 52, 71, 30, 32, 73, 5, 87, 20, 90, 94, 56, 72, 25, 95, 57, 6, 84, 13, 61, 17, 2, 39, 4, 64, 35, 26, 31, 100, 59, 34, 77, 3, 88, 81, 74, 19, 75, 66, 68, 51, 79, 14, 36, 91, 97, 60, 55, 28, 83, 62, 93, 67, 63, 40, 8, 44, 65, 29, 45]

39432.99027332161
[68, 58, 43, 6, 98, 97, 66, 27, 77, 88, 18, 94, 70, 99, 62, 20, 51, 80, 63, 22, 49, 2, 21, 100, 74, 96, 90, 15, 4, 93, 9, 14, 41, 95, 61, 75, 34, 28, 3, 39, 44, 84, 73, 5, 36, 17, 24, 64, 11, 78, 10, 72, 52, 82, 56, 55, 8, 35, 50, 19, 54, 33, 29, 76, 37, 59, 26, 87, 86, 60, 13, 25, 32, 91, 83, 40, 47, 45, 69, 16, 38, 85, 23, 65, 92, 7, 46, 53, 79, 89, 71, 42, 67, 81, 12, 48, 1, 30, 31, 57]

56637.6088969711
[54, 84, 98, 51, 23, 12, 57, 52, 8, 87, 5, 92, 33, 48, 10, 43, 31, 29, 72, 55, 71, 36, 97, 3, 26, 69, 39, 1, 93, 70, 30, 41, 63, 83, 2, 4, 90, 80, 65, 32, 64, 22, 66, 44, 9, 59, 100, 27, 21, 61, 95, 96, 14, 82, 49, 62, 17, 78, 76, 42, 56, 34, 45, 75, 46, 79, 60, 99, 40, 11, 67, 28, 18, 24, 13, 37, 88, 53, 15, 58, 74, 89, 19, 35, 77, 85, 7, 25, 86, 73, 20, 94, 38, 68, 81, 6, 47, 50, 91, 16]

128570.38313503451
[56, 2, 35, 29, 94, 61, 39, 55, 25, 85, 59, 26, 11, 48, 54, 28, 80, 16, 58, 96, 99, 100, 93, 64, 14, 7, 10, 86, 50, 41, 5, 78, 65, 24, 22, 68, 15, 3, 79, 82, 97, 8, 76, 73, 45, 9, 6, 98, 37, 20, 70, 18, 19, 30, 60, 44, 90, 4, 36, 52, 47, 1, 74, 83, 23, 87, 51, 63, 27, 77, 46, 17, 72, 81, 42, 69, 67, 43, 75, 33, 66, 71, 40, 21, 95, 84, 38, 49, 53, 62, 89, 34, 88, 31, 57, 12, 92, 91, 13, 32]

48730.30353288232
[92, 29, 97, 100, 19, 50, 33, 36, 44, 64, 42, 51, 76, 16, 34, 62, 9, 68, 65, 48, 72, 15, 95, 94, 38, 77, 18, 61, 81, 4, 20, 28, 70, 8, 47, 2, 27, 57, 91, 55, 83, 26, 13, 22, 58, 30, 5, 7, 82, 46, 24, 32, 60, 45, 99, 89, 78, 21, 87, 67, 84, 79, 35, 66, 56, 31, 63, 39, 3, 96, 75, 37, 73, 14, 93, 25, 49, 53, 41, 40, 17, 74, 98, 90, 85, 23, 52, 6, 43, 54, 11, 86, 12, 59, 1, 88, 10, 80, 71, 69]

62281.95062406926
[38, 64, 61, 79, 50, 18, 70, 31, 33, 85, 40, 27, 93, 69, 21, 77, 24, 20, 37, 86, 7, 88, 63, 23, 56, 29, 54, 76, 52, 43, 60, 26, 1, 94, 71, 39, 90, 98, 45, 84, 22, 53, 87, 10, 58, 57, 97, 68, 75, 15, 55, 34, 78, 81, 80, 32, 62, 3, 83, 91, 30, 72, 92, 13, 51, 25, 5, 100, 6, 17, 42, 8, 99, 49, 36, 47, 89, 4, 96, 74, 35, 14, 11, 95, 66, 9, 12, 59, 2, 19, 41, 16, 46, 82, 48, 44, 65, 28, 73, 67]

105951.92356703503
[11, 3, 44, 60, 88, 62, 65, 79, 1, 17, 68, 80, 95, 48, 84, 19, 47, 63, 72, 82, 18, 71, 40, 87, 96, 99, 23, 64, 7, 81, 36, 39, 97, 52, 42, 66, 45, 51, 26, 4, 56, 33, 54, 67, 13, 34, 77, 20, 8, 74, 55, 70, 85, 5, 57, 69, 37, 31, 38, 100, 24, 32, 61, 76, 22, 43, 41, 9, 78, 6, 21, 28, 14, 49, 46, 16, 94, 93, 92, 35, 73, 10, 59, 25, 29, 15, 50, 90, 12, 86, 98, 75, 53, 58, 30, 27, 83, 89, 2, 91]

65599.42523962392
[68, 1, 32, 31, 76, 2, 49, 57, 71, 43, 12, 56, 30, 98, 9, 75, 5, 70, 73, 23, 85, 38, 21, 51, 20, 67, 59, 79, 61, 77, 35, 94, 6, 40, 33, 26, 50, 11, 7, 82, 63, 27, 52, 88, 100, 74, 96, 18, 55, 46, 8, 36, 87, 14, 16, 53, 64, 47, 15, 19, 81, 34, 45, 39, 48, 90, 65, 99, 95, 80, 28, 92, 4, 86, 84, 66, 78, 69, 89, 41, 83, 17, 93, 22, 62, 60, 42, 25, 72, 58, 91, 3, 54, 13, 97, 10, 37, 24, 29, 44]

49814.78890221833
[55, 29, 80, 5, 60, 62, 9, 39, 36, 45, 96, 100, 97, 54, 90, 63, 47, 86, 28, 7, 59, 76, 75, 85, 35, 6, 56, 94, 41, 43, 32, 48, 87, 53, 61, 70, 34, 50, 66, 89, 23, 93, 13, 81, 42, 24, 65, 17, 79, 10, 26, 38, 18, 98, 57, 14, 49, 3, 2, 82, 16, 91, 78, 52, 88, 11, 8, 22, 19, 83, 4, 21, 58, 67, 27, 33, 51, 92, 44, 99, 20, 46, 72, 64, 31, 68, 69, 30, 71, 25, 40, 37, 15, 73, 1, 95, 12, 77, 84, 74]

58170.881494427216
[12, 58, 41, 93, 8, 32, 57, 60, 26, 28, 86, 71, 25, 36, 88, 35, 95, 64, 94, 87, 29, 80, 23, 7, 34, 70, 92, 89, 68, 61, 1, 37, 78, 65, 56, 62, 27, 38, 90, 45, 5, 53, 91, 10, 16, 55, 59, 99, 100, 44, 98, 73, 42, 19, 24, 54, 75, 48, 69, 20, 4, 47, 33, 84, 30, 11, 83, 79, 51, 52, 17, 74, 18, 22, 77, 9, 15, 46, 67, 82, 43, 96, 2, 72, 50, 40, 3, 97, 49, 39, 31, 14, 63, 21, 85, 13, 76, 66, 81, 6]

95632.46442918538
[22, 68, 25, 94, 37, 46, 69, 79, 58, 5, 11, 48, 87, 36, 28, 98, 41, 86, 21, 47, 63, 26, 31, 39, 19, 73, 96, 82, 60, 71, 53, 89, 80, 35, 10, 85, 77, 30, 50, 45, 74, 64, 78, 81, 24, 4, 72, 23, 9, 13, 90, 34, 91, 7, 14, 27, 67, 43, 15, 44, 2, 16, 97, 20, 75, 100, 55, 84, 88, 59, 18, 83, 56, 51, 17, 12, 33, 40, 57, 3, 92, 95, 8, 38, 93, 70, 29, 49, 66, 1, 6, 32, 99, 61, 52, 54, 76, 62, 65, 42]

58409.256780757874
[16, 74, 8, 1, 89, 60, 71, 4, 66, 19, 68, 92, 30, 29, 82, 86, 98, 81, 46, 100, 83, 85, 5, 58, 6, 2, 47, 96, 10, 41, 38, 59, 36, 9, 42, 31, 87, 76, 43, 90, 88, 35, 70, 12, 93, 28, 75, 61, 64, 52, 23, 62, 33, 50, 39, 48, 84, 80, 44, 99, 56, 97, 55, 94, 79, 54, 17, 25, 37, 26, 40, 7, 91, 11, 3, 63, 49, 24, 14, 27, 32, 95, 18, 65, 78, 34, 72, 53, 57, 69, 67, 73, 15, 51, 22, 21, 13, 77, 45, 20]

84076.57719119659
[6, 53, 81, 76, 39, 20, 55, 51, 57, 84, 80, 30, 95, 73, 35, 68, 47, 41, 34, 50, 65, 71, 86, 85, 52, 33, 1, 82, 46, 90, 5, 61, 59, 2, 93, 8, 31, 97, 10, 72, 9, 22, 11, 23, 83, 56, 100, 94, 12, 3, 17, 62, 64, 13, 69, 67, 24, 19, 28, 63, 58, 40, 37, 15, 88, 14, 18, 60, 75, 96, 36, 74, 44, 78, 7, 77, 89, 49, 43, 91, 16, 79, 92, 48, 66, 45, 38, 32, 99, 21, 4, 26, 98, 27, 87, 29, 42, 70, 54, 25]

177341.74011457042
[56, 64, 31, 90, 58, 48, 29, 41, 57, 10, 16, 23, 69, 100, 76, 98, 53, 75, 43, 24, 34, 54, 67, 39, 28, 33, 44, 40, 45, 84, 14, 2, 62, 65, 88, 20, 77, 95, 63, 32, 30, 7, 3, 68, 61, 46, 89, 38, 93, 73, 42, 82, 21, 59, 6, 79, 92, 91, 49, 86, 81, 35, 4, 78, 18, 52, 66, 71, 22, 97, 70, 36, 37, 72, 15, 1, 50, 80, 55, 12, 17, 99, 87, 5, 60, 13, 9, 47, 94, 25, 85, 19, 96, 8, 26, 83, 27, 51, 11, 74]